   0.0000000000000000        0.0000000000000000        0.0000000000000000        0.0000000000000000        0.0000000000000000     
   0.0000000000000000        0.0000000000000000        0.0000000000000000        0.0000000000000000        0.0000000000000000     
   0.0000000000000000        0.0000000000000000        0.0000000000000000        0.0000000000000000        0.0000000000000000     
   0.0000000000000000        0.0000000000000000        0.0000000000000000        0.0000000000000000        0.0000000000000000     

   0.0000000000000000        0.0000000000000000        0.0000000000000000        0.0000000000000000        0.0000000000000000     
   0.0000000000000000        0.0000000000000000        0.0000000000000000        0.0000000000000000        0.0000000000000000     
   0.0000000000000000        0.0000000000000000        0.0000000000000000        0.0000000000000000        0.0000000000000000     
   0.0000000000000000        0.0000000000000000        0.0000000000000000        0.0000000000000000        0.0000000000000000     

   0.0000000000000000        0.0000000000000000        0.0000000000000000        0.0000000000000000        0.0000000000000000     
   0.0000000000000000        0.0000000000000000        0.0000000000000000        0.0000000000000000        0.0000000000000000     
   0.0000000000000000        0.0000000000000000        0.0000000000000000        0.0000000000000000        0.0000000000000000     
   0.0000000000000000        0.0000000000000000        0.0000000000000000        0.0000000000000000        0.0000000000000000     

   0.0000000000000000        0.0000000000000000        0.0000000000000000        0.0000000000000000        0.0000000000000000     
   0.0000000000000000        0.0000000000000000        0.0000000000000000        0.0000000000000000        0.0000000000000000     
   0.0000000000000000        0.0000000000000000        0.0000000000000000        0.0000000000000000        0.0000000000000000     
   0.0000000000000000        0.0000000000000000        0.0000000000000000        0.0000000000000000        0.0000000000000000     

   0.0000000000000000        0.0000000000000000        0.0000000000000000        0.0000000000000000        0.0000000000000000     
   0.0000000000000000        0.0000000000000000        0.0000000000000000        0.0000000000000000        0.0000000000000000     
   0.0000000000000000        0.0000000000000000        0.0000000000000000        0.0000000000000000        0.0000000000000000     
   0.0000000000000000        0.0000000000000000        0.0000000000000000        0.0000000000000000        0.0000000000000000     

   0.0000000000000000        0.0000000000000000        0.0000000000000000        0.0000000000000000        0.0000000000000000     
   0.0000000000000000        0.0000000000000000        0.0000000000000000        0.0000000000000000        0.0000000000000000     
   0.0000000000000000        0.0000000000000000        0.0000000000000000        0.0000000000000000        0.0000000000000000     
   0.0000000000000000        0.0000000000000000        0.0000000000000000        0.0000000000000000        0.0000000000000000     

   0.0000000000000000        0.0000000000000000        0.0000000000000000        0.0000000000000000        0.0000000000000000     
   0.0000000000000000        0.0000000000000000        0.0000000000000000        0.0000000000000000        0.0000000000000000     
   0.0000000000000000        0.0000000000000000        0.0000000000000000        0.0000000000000000        0.0000000000000000     
   0.0000000000000000        0.0000000000000000        0.0000000000000000        0.0000000000000000        0.0000000000000000     

   0.0000000000000000        0.0000000000000000        0.0000000000000000        0.0000000000000000        0.0000000000000000     
   0.0000000000000000        0.0000000000000000        0.0000000000000000        0.0000000000000000        0.0000000000000000     
   0.0000000000000000        0.0000000000000000        0.0000000000000000        0.0000000000000000        0.0000000000000000     
   0.0000000000000000        0.0000000000000000        0.0000000000000000        0.0000000000000000        0.0000000000000000     

   0.0000000000000000        0.0000000000000000        0.0000000000000000        0.0000000000000000        1.8238060176372528E-002
   0.0000000000000000        0.0000000000000000        0.0000000000000000        0.0000000000000000        7.0764851989224553E-004
   0.0000000000000000        0.0000000000000000        0.0000000000000000        0.0000000000000000        0.0000000000000000     
   0.0000000000000000        0.0000000000000000        0.0000000000000000        0.0000000000000000        0.0000000000000000     

   5.4035754203796387        12.207844734191895        18.116226196289062        23.800556182861328        25.826225280761719     
   3.9810278415679932        8.9977598190307617        14.069364547729492        20.907875061035156        27.962419509887695     
   3.4796760082244873        7.2710204124450684        10.868638992309570        11.547378540039062        10.018398284912109     
   2.7339172363281250        5.7526926994323730        7.4223022460937500        12.459042549133301        14.681931495666504     

   62.279811859130859        98.566413879394531        118.11506652832031        117.67301177978516        106.81809997558594     
   56.788352966308594        84.717597961425781        95.125701904296875        110.52211761474609        115.64010620117188     
   57.593223571777344        77.853706359863281        82.249305725097656        66.279434204101562        54.500328063964844     
   59.056152343750000        74.755744934082031        66.310241699218750        83.359771728515625        78.913246154785156     

   147.72348022460938        205.88664245605469        243.90412902832031        229.25576782226562        224.91821289062500     
   143.82249450683594        187.15354919433594        197.34342956542969        212.09771728515625        216.84640502929688     
   149.47161865234375        175.96817016601562        173.79028320312500        129.03889465332031        121.98326110839844     
   155.45848083496094        173.43212890625000        151.88665771484375        178.19902038574219        167.97026062011719     

   221.54267883300781        301.97921752929688        350.11483764648438        328.19689941406250        344.96337890625000     
   228.88734436035156        272.37628173828125        288.94497680664062        284.55252075195312        299.90527343750000     
   239.46905517578125        270.74514770507812        267.54635620117188        189.57737731933594        180.01243591308594     
   250.98638916015625        273.90985107421875        235.67111206054688        273.30004882812500        260.72988891601562     

   293.27627563476562        381.58807373046875        422.27255249023438        404.64071655273438        425.95709228515625     
   286.63851928710938        327.24237060546875        351.09405517578125        335.95364379882812        358.33380126953125     
   320.89041137695312        345.18060302734375        346.66537475585938        239.52343750000000        216.68153381347656     
   329.16513061523438        353.84225463867188        308.05892944335938        345.89590454101562        327.44519042968750     

   347.70880126953125        438.81759643554688        455.80752563476562        446.63882446289062        459.76477050781250     
   328.36169433593750        360.51113891601562        394.63937377929688        358.99237060546875        397.80007934570312     
   382.07369995117188        391.61358642578125        388.87411499023438        270.51467895507812        230.00422668457031     
   390.92248535156250        399.75723266601562        354.07385253906250        390.39263916015625        353.33758544921875     

   381.64620971679688        464.07290649414062        457.75048828125000        447.74307250976562        463.65805053710938     
   348.10437011718750        372.56713867187500        403.57849121093750        334.26708984375000        410.65521240234375     
   407.00204467773438        398.26571655273438        391.50057983398438        285.92965698242188        230.28466796875000     
   412.85675048828125        404.34240722656250        369.22073364257812        402.20346069335938        341.90805053710938     

   373.66290283203125        450.91766357421875        434.20687866210938        410.06488037109375        423.85733032226562     
   345.77410888671875        369.10772705078125        381.28601074218750        287.04974365234375        380.94619750976562     
   396.21688842773438        378.51730346679688        372.59564208984375        277.03344726562500        216.09445190429688     
   405.36602783203125        383.56646728515625        358.24078369140625        371.67929077148438        291.67996215820312     

   336.68984985351562        400.18719482421875        373.26345825195312        343.22994995117188        354.68118286132812     
   324.00262451171875        340.58590698242188        336.88760375976562        229.67225646972656        318.47082519531250     
   350.77996826171875        326.36456298828125        328.59506225585938        243.22412109375000        184.34657287597656     
   364.47775268554688        337.58502197265625        317.27914428710938        299.84582519531250        213.00596618652344     

   269.69970703125000        309.55590820312500        261.21643066406250        238.03625488281250        266.99319458007812     
   258.00683593750000        275.61563110351562        247.07960510253906        173.32460021972656        235.52845764160156     
   279.55319213867188        258.92324829101562        259.01184082031250        186.39042663574219        137.15997314453125     
   283.87167358398438        268.06393432617188        239.15841674804688        219.25587463378906        138.96217346191406     

   187.60110473632812        183.07397460937500        148.44760131835938        148.58703613281250        154.14451599121094     
   164.61958312988281        184.97044372558594        157.59655761718750        110.06844329833984        134.71133422851562     
   174.92248535156250        172.49090576171875        173.92457580566406        117.54740142822266        84.799674987792969     
   192.03407287597656        175.39143371582031        154.43630981445312        137.26853942871094        74.609008789062500     

   94.126113891601562        80.486763000488281        59.963756561279297        57.812217712402344        57.646190643310547     
   85.939117431640625        94.015884399414062        65.575904846191406        46.430473327636719        49.413063049316406     
   94.188438415527344        88.440284729003906        77.672470092773438        48.339000701904297        31.555414199829102     
   97.411712646484375        82.248123168945312        65.031944274902344        53.676174163818359        23.990993499755859     

   18.974451065063477        12.761257171630859        7.7273712158203125        5.2201404571533203        3.3283250331878662     
   16.726587295532227        13.984632492065430        6.9774055480957031        3.7183783054351807        2.4020199775695801     
   17.634376525878906        13.298931121826172        7.9174361228942871        3.5873992443084717        1.2837077379226685     
   17.557247161865234        11.024616241455078        5.5778203010559082        2.6153464317321777       0.64595997333526611     

   6.9283560151234269E-005   0.0000000000000000        0.0000000000000000        0.0000000000000000        0.0000000000000000     
   0.0000000000000000        0.0000000000000000        0.0000000000000000        0.0000000000000000        0.0000000000000000     
   0.0000000000000000        0.0000000000000000        0.0000000000000000        0.0000000000000000        0.0000000000000000     
   0.0000000000000000        0.0000000000000000        0.0000000000000000        0.0000000000000000        0.0000000000000000     

   0.0000000000000000        0.0000000000000000        0.0000000000000000        0.0000000000000000        0.0000000000000000     
   0.0000000000000000        0.0000000000000000        0.0000000000000000        0.0000000000000000        0.0000000000000000     
   0.0000000000000000        0.0000000000000000        0.0000000000000000        0.0000000000000000        0.0000000000000000     
   0.0000000000000000        0.0000000000000000        0.0000000000000000        0.0000000000000000        0.0000000000000000     

   0.0000000000000000        0.0000000000000000        0.0000000000000000        0.0000000000000000        0.0000000000000000     
   0.0000000000000000        0.0000000000000000        0.0000000000000000        0.0000000000000000        0.0000000000000000     
   0.0000000000000000        0.0000000000000000        0.0000000000000000        0.0000000000000000        0.0000000000000000     
   0.0000000000000000        0.0000000000000000        0.0000000000000000        0.0000000000000000        0.0000000000000000     

   0.0000000000000000        0.0000000000000000        0.0000000000000000        0.0000000000000000        0.0000000000000000     
   0.0000000000000000        0.0000000000000000        0.0000000000000000        0.0000000000000000        0.0000000000000000     
   0.0000000000000000        0.0000000000000000        0.0000000000000000        0.0000000000000000        0.0000000000000000     
   0.0000000000000000        0.0000000000000000        0.0000000000000000        0.0000000000000000        0.0000000000000000     

   0.0000000000000000        0.0000000000000000        0.0000000000000000        0.0000000000000000        0.0000000000000000     
   0.0000000000000000        0.0000000000000000        0.0000000000000000        0.0000000000000000        0.0000000000000000     
   0.0000000000000000        0.0000000000000000        0.0000000000000000        0.0000000000000000        0.0000000000000000     
   0.0000000000000000        0.0000000000000000        0.0000000000000000        0.0000000000000000        0.0000000000000000     

   0.0000000000000000        0.0000000000000000        0.0000000000000000        0.0000000000000000        0.0000000000000000     
   0.0000000000000000        0.0000000000000000        0.0000000000000000        0.0000000000000000        0.0000000000000000     
   0.0000000000000000        0.0000000000000000        0.0000000000000000        0.0000000000000000        0.0000000000000000     
   0.0000000000000000        0.0000000000000000        0.0000000000000000        0.0000000000000000        0.0000000000000000     

   0.0000000000000000        0.0000000000000000        0.0000000000000000        0.0000000000000000        0.0000000000000000     
   0.0000000000000000        0.0000000000000000        0.0000000000000000        0.0000000000000000        0.0000000000000000     
   0.0000000000000000        0.0000000000000000        0.0000000000000000        0.0000000000000000        0.0000000000000000     
   0.0000000000000000        0.0000000000000000        0.0000000000000000        0.0000000000000000        0.0000000000000000     

   0.0000000000000000        0.0000000000000000        0.0000000000000000        0.0000000000000000        0.0000000000000000     
   0.0000000000000000        0.0000000000000000        0.0000000000000000        0.0000000000000000        0.0000000000000000     
   0.0000000000000000        0.0000000000000000        0.0000000000000000        0.0000000000000000        0.0000000000000000     
   0.0000000000000000        0.0000000000000000        0.0000000000000000        0.0000000000000000        0.0000000000000000     

   0.0000000000000000        0.0000000000000000        0.0000000000000000        0.0000000000000000        0.0000000000000000     
   0.0000000000000000        0.0000000000000000        0.0000000000000000        0.0000000000000000        0.0000000000000000     
   0.0000000000000000        0.0000000000000000        0.0000000000000000        0.0000000000000000        0.0000000000000000     
   0.0000000000000000        0.0000000000000000        0.0000000000000000        0.0000000000000000        0.0000000000000000     

   0.0000000000000000        0.0000000000000000        0.0000000000000000        0.0000000000000000        0.0000000000000000     
   0.0000000000000000        0.0000000000000000        0.0000000000000000        0.0000000000000000        0.0000000000000000     
   0.0000000000000000        0.0000000000000000        0.0000000000000000        0.0000000000000000        0.0000000000000000     
   0.0000000000000000        0.0000000000000000        0.0000000000000000        0.0000000000000000        0.0000000000000000     

   0.0000000000000000        0.0000000000000000        0.0000000000000000        0.0000000000000000        1.2747092172503471E-002
   0.0000000000000000        0.0000000000000000        0.0000000000000000        0.0000000000000000        5.9702229918912053E-004
   0.0000000000000000        0.0000000000000000        0.0000000000000000        0.0000000000000000        0.0000000000000000     
   0.0000000000000000        0.0000000000000000        0.0000000000000000        0.0000000000000000        0.0000000000000000     

   4.1407461166381836        4.8791089057922363        6.2307748794555664        15.327285766601562        22.542501449584961     
   4.0158209800720215        7.2765836715698242        11.099368095397949        19.409410476684570        18.952236175537109     
   3.0547783374786377        4.3439378738403320        9.8255758285522461        16.364372253417969        15.473420143127441     
   1.6078093051910400        3.0074753761291504        8.6229162216186523        12.687102317810059        9.8762979507446289     

   42.478298187255859        39.411804199218750        39.076641082763672        76.048057556152344        92.231483459472656     
   52.173942565917969        69.925453186035156        74.562210083007812        99.165176391601562        73.684867858886719     
   48.171401977539062        45.473731994628906        76.260612487792969        97.892471313476562        82.484649658203125     
   35.362205505371094        40.379825592041016        81.247749328613281        85.325546264648438        52.670585632324219     

   101.37828826904297        88.775138854980469        89.196327209472656        155.14147949218750        171.08334350585938     
   130.79808044433594        163.28904724121094        169.00132751464844        198.13441467285156        144.86717224121094     
   117.05800628662109        105.02703857421875        170.63937377929688        196.78456115722656        185.26553344726562     
   86.487434387207031        105.33795166015625        184.93344116210938        172.23475646972656        113.87409973144531     

   171.88842773437500        144.15332031250000        147.18334960937500        231.47630310058594        235.67164611816406     
   208.21606445312500        258.48852539062500        262.23205566406250        306.37753295898438        209.40484619140625     
   162.14877319335938        157.29527282714844        261.28030395507812        292.98449707031250        281.97824096679688     
   125.70918273925781        179.16369628906250        283.07299804687500        238.16395568847656        174.99069213867188     

   225.74584960937500        203.16101074218750        194.86636352539062        299.15814208984375        283.92556762695312     
   270.06030273437500        338.26727294921875        334.46975708007812        395.43270874023438        265.76443481445312     
   183.20335388183594        188.39198303222656        329.77496337890625        376.64553833007812        353.51403808593750     
   154.65957641601562        245.54188537597656        359.44595336914062        283.57507324218750        229.73989868164062     

   246.18080139160156        251.28173828125000        227.03227233886719        343.78875732421875        319.32614135742188     
   309.23043823242188        404.86422729492188        393.31567382812500        438.40087890625000        296.88375854492188     
   205.10835266113281        212.32861328125000        380.62789916992188        424.40945434570312        387.77420043945312     
   180.22943115234375        294.32275390625000        409.77392578125000        309.18515014648438        249.72334289550781     

   250.59371948242188        279.47531127929688        246.49191284179688        364.70007324218750        322.04385375976562     
   329.70529174804688        438.10650634765625        421.08963012695312        431.82708740234375        308.42529296875000     
   208.68032836914062        207.56846618652344        395.88977050781250        430.28735351562500        388.78915405273438     
   192.84620666503906        319.29888916015625        416.45697021484375        293.13839721679688        249.68856811523438     

   257.39544677734375        289.50811767578125        247.49739074707031        357.76385498046875        296.92990112304688     
   330.26547241210938        430.67086791992188        401.61578369140625        403.56665039062500        309.57907104492188     
   184.89361572265625        193.78102111816406        378.86810302734375        406.27795410156250        363.17501831054688     
   189.78082275390625        315.26705932617188        390.31961059570312        256.86236572265625        228.27561950683594     

   239.10113525390625        266.36740112304688        215.07968139648438        312.21923828125000        241.56764221191406     
   305.29571533203125        372.32965087890625        335.24575805664062        339.33255004882812        272.57440185546875     
   150.91734313964844        165.41586303710938        323.90960693359375        352.61749267578125        313.22515869140625     
   164.51046752929688        276.58511352539062        331.85437011718750        208.10791015625000        188.68569946289062     

   189.82501220703125        216.90759277343750        164.16903686523438        238.00518798828125        184.19779968261719     
   238.74406433105469        279.25094604492188        231.38885498046875        252.44552612304688        211.88142395019531     
   105.31145477294922        121.70353698730469        239.93931579589844        263.20333862304688        224.77047729492188     
   118.08384704589844        209.96786499023438        245.13330078125000        143.71499633789062        129.31922912597656     

   124.87738037109375        145.61184692382812        104.01020050048828        152.13073730468750        107.88710021972656     
   162.13372802734375        176.41154479980469        131.44224548339844        148.69946289062500        131.91061401367188     
   65.758758544921875        75.978195190429688        144.09657287597656        168.20112609863281        133.50743103027344     
   74.010704040527344        131.45181274414062        149.00503540039062        81.720657348632812        75.359527587890625     

   59.520027160644531        68.303688049316406        45.570411682128906        64.206581115722656        41.465431213378906     
   77.437522888183594        72.907997131347656        47.247795104980469        60.064895629882812        51.625854492187500     
   32.532505035400391        35.705345153808594        57.265048980712891        66.934097290039062        47.477813720703125     
   34.300716400146484        58.099891662597656        58.720718383789062        29.876556396484375        25.428543090820312     

   12.470585823059082        11.438646316528320        6.2401766777038574        5.9801316261291504        2.6903424263000488     
   15.029528617858887        10.173036575317383        4.8994297981262207        4.9712562561035156        2.7100064754486084     
   6.3236875534057617        5.7482872009277344        5.5074167251586914        4.3862094879150391        1.8162306547164917     
   6.2852311134338379        7.8659720420837402        4.8997988700866699        1.6360068321228027       0.67916703224182129     

   3.5760425816988572E-005   0.0000000000000000        0.0000000000000000        0.0000000000000000        0.0000000000000000     
   0.0000000000000000        0.0000000000000000        0.0000000000000000        0.0000000000000000        0.0000000000000000     
   0.0000000000000000        0.0000000000000000        0.0000000000000000        0.0000000000000000        0.0000000000000000     
   0.0000000000000000        0.0000000000000000        0.0000000000000000        0.0000000000000000        0.0000000000000000     

   0.0000000000000000        0.0000000000000000        0.0000000000000000        0.0000000000000000        0.0000000000000000     
   0.0000000000000000        0.0000000000000000        0.0000000000000000        0.0000000000000000        0.0000000000000000     
   0.0000000000000000        0.0000000000000000        0.0000000000000000        0.0000000000000000        0.0000000000000000     
   0.0000000000000000        0.0000000000000000        0.0000000000000000        0.0000000000000000        0.0000000000000000     

   0.0000000000000000        0.0000000000000000        0.0000000000000000        0.0000000000000000        0.0000000000000000     
   0.0000000000000000        0.0000000000000000        0.0000000000000000        0.0000000000000000        0.0000000000000000     
   0.0000000000000000        0.0000000000000000        0.0000000000000000        0.0000000000000000        0.0000000000000000     
   0.0000000000000000        0.0000000000000000        0.0000000000000000        0.0000000000000000        0.0000000000000000     

   0.0000000000000000        0.0000000000000000        0.0000000000000000        0.0000000000000000        0.0000000000000000     
   0.0000000000000000        0.0000000000000000        0.0000000000000000        0.0000000000000000        0.0000000000000000     
   0.0000000000000000        0.0000000000000000        0.0000000000000000        0.0000000000000000        0.0000000000000000     
   0.0000000000000000        0.0000000000000000        0.0000000000000000        0.0000000000000000        0.0000000000000000     

   0.0000000000000000        0.0000000000000000        0.0000000000000000        0.0000000000000000        0.0000000000000000     
   0.0000000000000000        0.0000000000000000        0.0000000000000000        0.0000000000000000        0.0000000000000000     
   0.0000000000000000        0.0000000000000000        0.0000000000000000        0.0000000000000000        0.0000000000000000     
   0.0000000000000000        0.0000000000000000        0.0000000000000000        0.0000000000000000        0.0000000000000000     

   0.0000000000000000        0.0000000000000000        0.0000000000000000        0.0000000000000000        0.0000000000000000     
   0.0000000000000000        0.0000000000000000        0.0000000000000000        0.0000000000000000        0.0000000000000000     
   0.0000000000000000        0.0000000000000000        0.0000000000000000        0.0000000000000000        0.0000000000000000     
   0.0000000000000000        0.0000000000000000        0.0000000000000000        0.0000000000000000        0.0000000000000000     

   0.0000000000000000        0.0000000000000000        0.0000000000000000        0.0000000000000000        0.0000000000000000     
   0.0000000000000000        0.0000000000000000        0.0000000000000000        0.0000000000000000        0.0000000000000000     
   0.0000000000000000        0.0000000000000000        0.0000000000000000        0.0000000000000000        0.0000000000000000     
   0.0000000000000000        0.0000000000000000        0.0000000000000000        0.0000000000000000        0.0000000000000000     

   0.0000000000000000        0.0000000000000000        0.0000000000000000        0.0000000000000000        0.0000000000000000     
   0.0000000000000000        0.0000000000000000        0.0000000000000000        0.0000000000000000        0.0000000000000000     
   0.0000000000000000        0.0000000000000000        0.0000000000000000        0.0000000000000000        0.0000000000000000     
   0.0000000000000000        0.0000000000000000        0.0000000000000000        0.0000000000000000        0.0000000000000000     

   0.0000000000000000        0.0000000000000000        0.0000000000000000        0.0000000000000000        0.0000000000000000     
   0.0000000000000000        0.0000000000000000        0.0000000000000000        0.0000000000000000        0.0000000000000000     
   0.0000000000000000        0.0000000000000000        0.0000000000000000        0.0000000000000000        0.0000000000000000     
   0.0000000000000000        0.0000000000000000        0.0000000000000000        0.0000000000000000        0.0000000000000000     

   0.0000000000000000        0.0000000000000000        0.0000000000000000        0.0000000000000000        0.0000000000000000     
   0.0000000000000000        0.0000000000000000        0.0000000000000000        0.0000000000000000        0.0000000000000000     
   0.0000000000000000        0.0000000000000000        0.0000000000000000        0.0000000000000000        0.0000000000000000     
   0.0000000000000000        0.0000000000000000        0.0000000000000000        0.0000000000000000        0.0000000000000000     

   0.0000000000000000        0.0000000000000000        0.0000000000000000        0.0000000000000000        9.1817369684576988E-003
   0.0000000000000000        0.0000000000000000        0.0000000000000000        0.0000000000000000        3.6258873296901584E-004
   0.0000000000000000        0.0000000000000000        0.0000000000000000        0.0000000000000000        0.0000000000000000     
   0.0000000000000000        0.0000000000000000        0.0000000000000000        0.0000000000000000        0.0000000000000000     

   7.4252533912658691        11.508881568908691        16.003767013549805        22.781494140625000        23.697395324707031     
   5.5556564331054688        7.8186283111572266        11.034231185913086        25.446542739868164        23.153068542480469     
   3.7548296451568604        4.7968616485595703        8.8921337127685547        15.723925590515137        12.898081779479980     
   2.7193131446838379        3.8197321891784668        6.3382263183593750        8.8880367279052734        11.658188819885254     

   81.658782958984375        91.050476074218750        89.752807617187500        109.86718750000000        108.06944274902344     
   73.001510620117188        70.234931945800781        66.449272155761719        127.74716949462891        91.531951904296875     
   56.928844451904297        46.276859283447266        62.477050781250000        86.826469421386719        59.171592712402344     
   58.725395202636719        50.820259094238281        53.721702575683594        55.727138519287109        56.664062500000000     

   180.80664062500000        187.58760070800781        176.55999755859375        209.66658020019531        211.88009643554688     
   164.02989196777344        149.33949279785156        134.07356262207031        240.38345336914062        159.77029418945312     
   144.06275939941406        105.87023162841797        129.19935607910156        165.18667602539062        112.28414916992188     
   154.10308837890625        119.07346343994141        121.70434570312500        118.14553070068359        112.95153808593750     

   267.04937744140625        265.66952514648438        248.80924987792969        299.97241210937500        279.53540039062500     
   233.72930908203125        216.41139221191406        190.89399719238281        332.44674682617188        215.39466857910156     
   239.95458984375000        159.90887451171875        194.43013000488281        234.38801574707031        156.44413757324219     
   249.82653808593750        173.08892822265625        183.50631713867188        184.30638122558594        166.22085571289062     

   319.71768188476562        283.87359619140625        270.23733520507812        365.33810424804688        337.74166870117188     
   268.54544067382812        254.01261901855469        230.95169067382812        399.29528808593750        257.99291992187500     
   306.48834228515625        198.60304260253906        249.41430664062500        282.08813476562500        182.12094116210938     
   324.44143676757812        225.12770080566406        236.40252685546875        234.28916931152344        206.19108581542969     

   365.00485229492188        298.64038085937500        279.19598388671875        407.08132934570312        351.25332641601562     
   306.89019775390625        271.56317138671875        267.23779296875000        426.07369995117188        279.48327636718750     
   359.16668701171875        209.77206420898438        287.05572509765625        294.26998901367188        189.06898498535156     
   373.41619873046875        260.39913940429688        274.08615112304688        269.01974487304688        217.65356445312500     

   410.34558105468750        328.21670532226562        303.84530639648438        416.23718261718750        338.91430664062500     
   340.45263671875000        271.36663818359375        292.54669189453125        412.91442871093750        248.93614196777344     
   392.27096557617188        207.35989379882812        303.81701660156250        276.32962036132812        194.63502502441406     
   384.59027099609375        264.89288330078125        282.68301391601562        270.25430297851562        204.45971679687500     

   424.40206909179688        364.02249145507812        332.48791503906250        385.81842041015625        311.13122558593750     
   360.28536987304688        257.04028320312500        304.33004760742188        374.58731079101562        210.77514648437500     
   388.80004882812500        190.32548522949219        301.55548095703125        247.46923828125000        184.50036621093750     
   365.71749877929688        247.00067138671875        269.10183715820312        240.03698730468750        173.68305969238281     

   402.74615478515625        356.02862548828125        311.79434204101562        334.88052368164062        253.86709594726562     
   350.67245483398438        226.08581542968750        282.69931030273438        307.54870605468750        159.90676879882812     
   318.63925170898438        164.88226318359375        274.03607177734375        211.62448120117188        156.05108642578125     
   308.99920654296875        210.29136657714844        240.39978027343750        197.66311645507812        134.02954101562500     

   335.04678344726562        294.30856323242188        248.38308715820312        247.46246337890625        170.72973632812500     
   296.44824218750000        176.73043823242188        225.32682800292969        225.98068237304688        108.02799987792969     
   240.84558105468750        135.39831542968750        212.60743713378906        160.16972351074219        111.78087615966797     
   242.86839294433594        160.41877746582031        192.04489135742188        146.26124572753906        91.693206787109375     

   230.13909912109375        180.88159179687500        155.09210205078125        150.80447387695312        103.77706909179688     
   204.24993896484375        110.63777160644531        140.15919494628906        126.47835540771484        64.143661499023438     
   155.65441894531250        94.555862426757812        141.41651916503906        100.02637481689453        62.096069335937500     
   160.58674621582031        100.55531311035156        120.66345214843750        88.649063110351562        49.008983612060547     

   122.08609008789062        91.113647460937500        67.497390747070312        60.752090454101562        39.598255157470703     
   100.66368865966797        52.884296417236328        60.540714263916016        48.024425506591797        23.674699783325195     
   79.985420227050781        46.687278747558594        62.686824798583984        39.991680145263672        20.360174179077148     
   80.677536010742188        47.869777679443359        54.206352233886719        34.979534149169922        17.216875076293945     

   24.821813583374023        14.803485870361328        8.4464941024780273        5.2788419723510742        2.6307864189147949     
   18.986063003540039        8.3060083389282227        6.5196614265441895        3.8060071468353271        1.2021001577377319     
   14.498135566711426        7.3155231475830078        6.3986983299255371        2.8462297916412354       0.84039610624313354     
   13.858217239379883        7.3029966354370117        5.3239574432373047        2.0573201179504395       0.47555905580520630     

   3.8923768443055451E-005   0.0000000000000000        0.0000000000000000        0.0000000000000000        0.0000000000000000     
   0.0000000000000000        0.0000000000000000        0.0000000000000000        0.0000000000000000        0.0000000000000000     
   0.0000000000000000        0.0000000000000000        0.0000000000000000        0.0000000000000000        0.0000000000000000     
   0.0000000000000000        0.0000000000000000        0.0000000000000000        0.0000000000000000        0.0000000000000000     

   0.0000000000000000        0.0000000000000000        0.0000000000000000        0.0000000000000000        0.0000000000000000     
   0.0000000000000000        0.0000000000000000        0.0000000000000000        0.0000000000000000        0.0000000000000000     
   0.0000000000000000        0.0000000000000000        0.0000000000000000        0.0000000000000000        0.0000000000000000     
   0.0000000000000000        0.0000000000000000        0.0000000000000000        0.0000000000000000        0.0000000000000000     

   0.0000000000000000        0.0000000000000000        0.0000000000000000        0.0000000000000000        0.0000000000000000     
   0.0000000000000000        0.0000000000000000        0.0000000000000000        0.0000000000000000        0.0000000000000000     
   0.0000000000000000        0.0000000000000000        0.0000000000000000        0.0000000000000000        0.0000000000000000     
   0.0000000000000000        0.0000000000000000        0.0000000000000000        0.0000000000000000        0.0000000000000000     

   0.0000000000000000        0.0000000000000000        0.0000000000000000        0.0000000000000000        0.0000000000000000     
   0.0000000000000000        0.0000000000000000        0.0000000000000000        0.0000000000000000        0.0000000000000000     
   0.0000000000000000        0.0000000000000000        0.0000000000000000        0.0000000000000000        0.0000000000000000     
   0.0000000000000000        0.0000000000000000        0.0000000000000000        0.0000000000000000        0.0000000000000000     

   0.0000000000000000        0.0000000000000000        0.0000000000000000        0.0000000000000000        0.0000000000000000     
   0.0000000000000000        0.0000000000000000        0.0000000000000000        0.0000000000000000        0.0000000000000000     
   0.0000000000000000        0.0000000000000000        0.0000000000000000        0.0000000000000000        0.0000000000000000     
   0.0000000000000000        0.0000000000000000        0.0000000000000000        0.0000000000000000        0.0000000000000000     

   0.0000000000000000        0.0000000000000000        0.0000000000000000        0.0000000000000000        0.0000000000000000     
   0.0000000000000000        0.0000000000000000        0.0000000000000000        0.0000000000000000        0.0000000000000000     
   0.0000000000000000        0.0000000000000000        0.0000000000000000        0.0000000000000000        0.0000000000000000     
   0.0000000000000000        0.0000000000000000        0.0000000000000000        0.0000000000000000        0.0000000000000000     

   0.0000000000000000        0.0000000000000000        0.0000000000000000        0.0000000000000000        0.0000000000000000     
   0.0000000000000000        0.0000000000000000        0.0000000000000000        0.0000000000000000        0.0000000000000000     
   0.0000000000000000        0.0000000000000000        0.0000000000000000        0.0000000000000000        0.0000000000000000     
   0.0000000000000000        0.0000000000000000        0.0000000000000000        0.0000000000000000        0.0000000000000000     

   0.0000000000000000        0.0000000000000000        0.0000000000000000        0.0000000000000000        0.0000000000000000     
   0.0000000000000000        0.0000000000000000        0.0000000000000000        0.0000000000000000        0.0000000000000000     
   0.0000000000000000        0.0000000000000000        0.0000000000000000        0.0000000000000000        0.0000000000000000     
   0.0000000000000000        0.0000000000000000        0.0000000000000000        0.0000000000000000        0.0000000000000000     

   0.0000000000000000        0.0000000000000000        0.0000000000000000        0.0000000000000000        0.0000000000000000     
   0.0000000000000000        0.0000000000000000        0.0000000000000000        0.0000000000000000        0.0000000000000000     
   0.0000000000000000        0.0000000000000000        0.0000000000000000        0.0000000000000000        0.0000000000000000     
   0.0000000000000000        0.0000000000000000        0.0000000000000000        0.0000000000000000        0.0000000000000000     

   0.0000000000000000        0.0000000000000000        0.0000000000000000        0.0000000000000000        0.0000000000000000     
   0.0000000000000000        0.0000000000000000        0.0000000000000000        0.0000000000000000        0.0000000000000000     
   0.0000000000000000        0.0000000000000000        0.0000000000000000        0.0000000000000000        0.0000000000000000     
   0.0000000000000000        0.0000000000000000        0.0000000000000000        0.0000000000000000        0.0000000000000000     

   0.0000000000000000        0.0000000000000000        0.0000000000000000        0.0000000000000000        1.8044766038656235E-002
   0.0000000000000000        0.0000000000000000        0.0000000000000000        0.0000000000000000        6.5728550544008613E-004
   0.0000000000000000        0.0000000000000000        0.0000000000000000        0.0000000000000000        0.0000000000000000     
   0.0000000000000000        0.0000000000000000        0.0000000000000000        0.0000000000000000        0.0000000000000000     

   7.9744176864624023        14.088675498962402        17.627311706542969        19.578529357910156        32.604644775390625     
   4.8303003311157227        9.6182870864868164        7.5132498741149902        11.483897209167480        18.032117843627930     
   3.4336094856262207        7.1331439018249512        8.7489280700683594        13.895846366882324        13.207273483276367     
   2.8155500888824463        6.0436229705810547        8.8822774887084961        9.7203207015991211        10.174325942993164     

   88.651725769042969        105.69315338134766        100.44243621826172        92.683982849121094        122.61846160888672     
   65.731643676757812        83.272323608398438        51.859622955322266        59.574634552001953        69.673515319824219     
   64.101974487304688        79.247833251953125        67.067909240722656        81.708587646484375        59.352085113525391     
   62.329315185546875        80.393531799316406        80.396492004394531        69.301216125488281        56.652072906494141     

   197.91677856445312        212.10081481933594        192.78610229492188        182.13519287109375        230.23155212402344     
   160.58175659179688        177.52194213867188        114.99876403808594        129.21531677246094        131.12458801269531     
   169.43614196777344        182.99922180175781        150.91433715820312        164.75810241699219        112.91937255859375     
   166.73008728027344        190.06211853027344        177.83268737792969        149.49542236328125        121.32255554199219     

   301.83499145507812        310.80606079101562        277.17160034179688        264.49026489257812        336.26119995117188     
   262.70336914062500        267.10263061523438        172.19158935546875        205.44218444824219        192.54997253417969     
   275.47814941406250        285.13391113281250        230.05014038085938        222.83572387695312        165.34951782226562     
   272.83541870117188        293.47793579101562        267.37225341796875        222.77671813964844        189.13642883300781     

   382.92523193359375        391.74114990234375        344.71185302734375        323.51431274414062        414.84963989257812     
   355.80130004882812        342.57180786132812        216.40896606445312        263.82040405273438        241.74630737304688     
   362.18441772460938        368.37619018554688        278.41073608398438        272.56710815429688        202.62557983398438     
   367.87472534179688        374.97232055664062        341.50061035156250        276.48629760742188        238.62170410156250     

   444.78625488281250        450.35122680664062        391.23669433593750        355.42874145507812        455.99404907226562     
   408.70538330078125        386.36547851562500        249.65264892578125        304.56762695312500        265.15557861328125     
   426.86108398437500        420.79550170898438        322.50885009765625        299.39642333984375        214.80917358398438     
   430.26770019531250        429.42062377929688        383.14053344726562        299.61218261718750        268.77111816406250     

   478.85757446289062        453.11160278320312        399.15875244140625        344.06072998046875        443.05865478515625     
   426.54815673828125        397.35217285156250        273.83352661132812        319.43450927734375        257.98791503906250     
   454.56710815429688        434.41165161132812        358.91470336914062        305.87109375000000        203.80424499511719     
   458.25173950195312        455.59033203125000        388.57366943359375        287.46234130859375        270.74499511718750     

   470.31362915039062        429.94656372070312        370.60665893554688        295.37173461914062        404.45031738281250     
   426.11499023437500        394.45843505859375        281.58514404296875        312.25238037109375        230.40763854980469     
   444.45199584960938        418.04672241210938        362.22100830078125        285.92337036132812        191.17811584472656     
   456.16864013671875        446.72372436523438        370.09121704101562        257.42727661132812        255.48075866699219     

   420.59280395507812        378.39047241210938        306.75881958007812        238.16397094726562        319.88134765625000     
   394.68423461914062        357.95370483398438        250.83511352539062        273.75024414062500        182.29193115234375     
   404.05172729492188        369.55581665039062        311.74053955078125        239.23081970214844        166.14743041992188     
   413.33248901367188        397.34600830078125        320.61627197265625        214.01947021484375        211.74279785156250     

   312.54388427734375        271.48931884765625        226.96852111816406        173.88325500488281        235.43066406250000     
   325.73388671875000        279.38430786132812        193.90040588378906        208.93865966796875        128.96174621582031     
   319.90451049804688        291.08581542968750        233.17243957519531        174.98490905761719        123.15730285644531     
   336.32171630859375        316.27221679687500        242.10267639160156        160.90237426757812        152.54165649414062     

   195.26394653320312        178.08746337890625        141.17135620117188        101.03868865966797        127.88946533203125     
   204.24896240234375        178.84237670898438        121.40764617919922        131.92361450195312        76.174598693847656     
   208.43325805664062        193.76116943359375        142.48770141601562        103.36891937255859        72.183975219726562     
   229.42782592773438        204.29939270019531        154.21908569335938        96.915596008300781        89.263114929199219     

   95.512611389160156        84.222518920898438        64.246429443359375        42.067390441894531        51.556865692138672     
   117.42759704589844        94.765892028808594        58.343410491943359        59.663234710693359        31.963935852050781     
   107.73358154296875        99.097106933593750        64.666206359863281        41.218856811523438        24.591861724853516     
   121.81472015380859        95.225334167480469        68.099960327148438        37.543544769287109        31.565843582153320     

   19.144153594970703        14.177036285400391        8.9851083755493164        4.2181892395019531        3.1508574485778809     
   23.218761444091797        16.050733566284180        7.6968412399291992        5.2765126228332520        1.9044919013977051     
   18.678007125854492        14.714838981628418        6.8256955146789551        2.9732689857482910       0.85248148441314697     
   21.227931976318359        11.915889739990234        5.9147968292236328        2.2068414688110352       0.72751551866531372     

   3.1680930987931788E-005   0.0000000000000000        0.0000000000000000        0.0000000000000000        0.0000000000000000     
   0.0000000000000000        0.0000000000000000        0.0000000000000000        0.0000000000000000        0.0000000000000000     
   0.0000000000000000        0.0000000000000000        0.0000000000000000        0.0000000000000000        0.0000000000000000     
   0.0000000000000000        0.0000000000000000        0.0000000000000000        0.0000000000000000        0.0000000000000000     

   0.0000000000000000        0.0000000000000000        0.0000000000000000        0.0000000000000000        0.0000000000000000     
   0.0000000000000000        0.0000000000000000        0.0000000000000000        0.0000000000000000        0.0000000000000000     
   0.0000000000000000        0.0000000000000000        0.0000000000000000        0.0000000000000000        0.0000000000000000     
   0.0000000000000000        0.0000000000000000        0.0000000000000000        0.0000000000000000        0.0000000000000000     

   0.0000000000000000        0.0000000000000000        0.0000000000000000        0.0000000000000000        0.0000000000000000     
   0.0000000000000000        0.0000000000000000        0.0000000000000000        0.0000000000000000        0.0000000000000000     
   0.0000000000000000        0.0000000000000000        0.0000000000000000        0.0000000000000000        0.0000000000000000     
   0.0000000000000000        0.0000000000000000        0.0000000000000000        0.0000000000000000        0.0000000000000000     

   0.0000000000000000        0.0000000000000000        0.0000000000000000        0.0000000000000000        0.0000000000000000     
   0.0000000000000000        0.0000000000000000        0.0000000000000000        0.0000000000000000        0.0000000000000000     
   0.0000000000000000        0.0000000000000000        0.0000000000000000        0.0000000000000000        0.0000000000000000     
   0.0000000000000000        0.0000000000000000        0.0000000000000000        0.0000000000000000        0.0000000000000000     

   0.0000000000000000        0.0000000000000000        0.0000000000000000        0.0000000000000000        0.0000000000000000     
   0.0000000000000000        0.0000000000000000        0.0000000000000000        0.0000000000000000        0.0000000000000000     
   0.0000000000000000        0.0000000000000000        0.0000000000000000        0.0000000000000000        0.0000000000000000     
   0.0000000000000000        0.0000000000000000        0.0000000000000000        0.0000000000000000        0.0000000000000000     

   0.0000000000000000        0.0000000000000000        0.0000000000000000        0.0000000000000000        0.0000000000000000     
   0.0000000000000000        0.0000000000000000        0.0000000000000000        0.0000000000000000        0.0000000000000000     
   0.0000000000000000        0.0000000000000000        0.0000000000000000        0.0000000000000000        0.0000000000000000     
   0.0000000000000000        0.0000000000000000        0.0000000000000000        0.0000000000000000        0.0000000000000000     

   0.0000000000000000        0.0000000000000000        0.0000000000000000        0.0000000000000000        0.0000000000000000     
   0.0000000000000000        0.0000000000000000        0.0000000000000000        0.0000000000000000        0.0000000000000000     
   0.0000000000000000        0.0000000000000000        0.0000000000000000        0.0000000000000000        0.0000000000000000     
   0.0000000000000000        0.0000000000000000        0.0000000000000000        0.0000000000000000        0.0000000000000000     

   0.0000000000000000        0.0000000000000000        0.0000000000000000        0.0000000000000000        0.0000000000000000     
   0.0000000000000000        0.0000000000000000        0.0000000000000000        0.0000000000000000        0.0000000000000000     
   0.0000000000000000        0.0000000000000000        0.0000000000000000        0.0000000000000000        0.0000000000000000     
   0.0000000000000000        0.0000000000000000        0.0000000000000000        0.0000000000000000        0.0000000000000000     

   0.0000000000000000        0.0000000000000000        0.0000000000000000        0.0000000000000000        0.0000000000000000     
   0.0000000000000000        0.0000000000000000        0.0000000000000000        0.0000000000000000        0.0000000000000000     
   0.0000000000000000        0.0000000000000000        0.0000000000000000        0.0000000000000000        0.0000000000000000     
   0.0000000000000000        0.0000000000000000        0.0000000000000000        0.0000000000000000        0.0000000000000000     

   0.0000000000000000        0.0000000000000000        0.0000000000000000        0.0000000000000000        0.0000000000000000     
   0.0000000000000000        0.0000000000000000        0.0000000000000000        0.0000000000000000        0.0000000000000000     
   0.0000000000000000        0.0000000000000000        0.0000000000000000        0.0000000000000000        0.0000000000000000     
   0.0000000000000000        0.0000000000000000        0.0000000000000000        0.0000000000000000        0.0000000000000000     

   0.0000000000000000        0.0000000000000000        0.0000000000000000        0.0000000000000000        1.5784928575158119E-002
   0.0000000000000000        0.0000000000000000        0.0000000000000000        0.0000000000000000        6.5772607922554016E-004
   0.0000000000000000        0.0000000000000000        0.0000000000000000        0.0000000000000000        0.0000000000000000     
   0.0000000000000000        0.0000000000000000        0.0000000000000000        0.0000000000000000        0.0000000000000000     

   5.9798803329467773        10.048193931579590        9.4168767929077148        20.259666442871094        32.180091857910156     
   5.4848737716674805        9.7539997100830078        13.925827980041504        22.298191070556641        30.555541992187500     
   3.4321799278259277        7.7210588455200195        13.629549026489258        18.935802459716797        26.792718887329102     
   2.6732265949249268        6.6788673400878906        11.960286140441895        16.124254226684570        21.636405944824219     

   66.024528503417969        75.049346923828125        52.782035827636719        79.955406188964844        111.77669525146484     
   72.345825195312500        78.303680419921875        92.904495239257812        106.54299926757812        119.00873565673828     
   60.627376556396484        82.957008361816406        98.661277770996094        104.40280151367188        123.57759857177734     
   61.098159790039062        87.407157897949219        105.37877655029297        104.45491027832031        105.84655761718750     

   153.69348144531250        144.64735412597656        93.862373352050781        133.35302734375000        183.52429199218750     
   172.36405944824219        167.19735717773438        191.29417419433594        188.40272521972656        203.08296203613281     
   154.78063964843750        176.94137573242188        193.46453857421875        185.37615966796875        234.52879333496094     
   161.99975585937500        200.75711059570312        223.08648681640625        204.60617065429688        199.68678283691406     

   233.75924682617188        197.29821777343750        132.43075561523438        173.71759033203125        246.93746948242188     
   264.37155151367188        255.22709655761719        273.68841552734375        252.20466613769531        281.06704711914062     
   232.49133300781250        252.53414916992188        263.93392944335938        246.20448303222656        324.92596435546875     
   257.48971557617188        299.50756835937500        311.60153198242188        273.20059204101562        278.10675048828125     

   293.26861572265625        248.22106933593750        178.78717041015625        212.69989013671875        283.49114990234375     
   324.62615966796875        323.88265991210938        336.85174560546875        276.25280761718750        349.62417602539062     
   293.28314208984375        307.50418090820312        319.97589111328125        302.90792846679688        380.18081665039062     
   328.17694091796875        360.91567993164062        349.18179321289062        317.31631469726562        324.14422607421875     

   329.47387695312500        298.91165161132812        227.13049316406250        262.86605834960938        288.62048339843750     
   360.50024414062500        375.36538696289062        388.42013549804688        284.43267822265625        370.04214477539062     
   340.09738159179688        349.21453857421875        363.41607666015625        350.93722534179688        412.96136474609375     
   376.97848510742188        391.44906616210938        365.51635742187500        353.49276733398438        356.15908813476562     

   343.74862670898438        333.01248168945312        254.07696533203125        283.25604248046875        265.73718261718750     
   379.24472045898438        418.57501220703125        399.95574951171875        272.57031250000000        356.12252807617188     
   358.63171386718750        382.15612792968750        389.01092529296875        376.38449096679688        426.58505249023438     
   396.02059936523438        414.21231079101562        376.70706176757812        366.07806396484375        364.97821044921875     

   340.39932250976562        338.45910644531250        244.06451416015625        259.58816528320312        223.79640197753906     
   379.66403198242188        440.03253173828125        379.67129516601562        245.56658935546875        323.81585693359375     
   361.89611816406250        399.83346557617188        389.70123291015625        378.44967651367188        410.09338378906250     
   398.41427612304688        421.60235595703125        373.23712158203125        361.82073974609375        336.59094238281250     

   317.06909179687500        308.42901611328125        197.74804687500000        215.70140075683594        166.07321166992188     
   352.61993408203125        408.63726806640625        314.93719482421875        194.04455566406250        256.72689819335938     
   337.93130493164062        375.84689331054688        359.44073486328125        343.57565307617188        347.22604370117188     
   366.49142456054688        390.18011474609375        339.86468505859375        302.02944946289062        286.70971679687500     

   242.95983886718750        243.93530273437500        137.31022644042969        167.71989440917969        103.29678344726562     
   286.63790893554688        329.35626220703125        212.71141052246094        130.30671691894531        174.69584655761719     
   267.07052612304688        305.18334960937500        277.29254150390625        265.90344238281250        226.70564270019531     
   292.48333740234375        305.88397216796875        268.75469970703125        232.29133605957031        210.53810119628906     

   158.52307128906250        149.10929870605469        83.837066650390625        107.17106628417969        56.648372650146484     
   184.80264282226562        198.09991455078125        115.07803344726562        78.978767395019531        103.69603729248047     
   177.20233154296875        200.13256835937500        186.88577270507812        167.86886596679688        143.77459716796875     
   209.05003356933594        199.84651184082031        178.78695678710938        148.22282409667969        130.98272705078125     

   71.973175048828125        71.687591552734375        38.505802154541016        45.368404388427734        21.616092681884766     
   84.220939636230469        102.75222015380859        45.894893646240234        31.409896850585938        36.876796722412109     
   84.711509704589844        102.17112731933594        86.318176269531250        71.764976501464844        47.651435852050781     
   106.68965911865234        94.967948913574219        77.902305603027344        61.458469390869141        45.503345489501953     

   13.599753379821777        12.684654235839844        5.5825533866882324        4.4440703392028809        1.6464047431945801     
   14.436738967895508        14.719268798828125        5.4020009040832520        2.6319808959960938        1.9955158233642578     
   15.110725402832031        16.340200424194336        8.8263378143310547        4.9331960678100586        1.7780487537384033     
   16.698112487792969        12.190138816833496        6.8756971359252930        3.3135786056518555        1.1642305850982666     

   1.6400157619500533E-005   0.0000000000000000        0.0000000000000000        0.0000000000000000        0.0000000000000000     
   0.0000000000000000        0.0000000000000000        0.0000000000000000        0.0000000000000000        0.0000000000000000     
   0.0000000000000000        0.0000000000000000        0.0000000000000000        0.0000000000000000        0.0000000000000000     
   0.0000000000000000        0.0000000000000000        0.0000000000000000        0.0000000000000000        0.0000000000000000     

   0.0000000000000000        0.0000000000000000        0.0000000000000000        0.0000000000000000        0.0000000000000000     
   0.0000000000000000        0.0000000000000000        0.0000000000000000        0.0000000000000000        0.0000000000000000     
   0.0000000000000000        0.0000000000000000        0.0000000000000000        0.0000000000000000        0.0000000000000000     
   0.0000000000000000        0.0000000000000000        0.0000000000000000        0.0000000000000000        0.0000000000000000     

